0 1 10 344 0.0042
0 1 30 320 0.0134
0 1 50 322 0.0162
0 1 70 318 0.0228
0 1 90 321 0.0288
0 1 110 318 0.0354
0 1 130 319 0.0422
0.1 0.9 10 322 0.004
0.1 0.9 30 326 0.0118
0.1 0.9 50 321 0.0196
0.1 0.9 70 319 0.028
0.1 0.9 90 318 0.0348
0.1 0.9 110 318 0.043
0.1 0.9 130 318 0.0506
0.2 0.8 10 327 0.0036
0.2 0.8 30 326 0.0118
0.2 0.8 50 321 0.02
0.2 0.8 70 319 0.0276
0.2 0.8 90 320 0.0354
0.2 0.8 110 319 0.043
0.2 0.8 130 320 0.0508
0.3 0.7 10 338 0.0042
0.3 0.7 30 322 0.0118
0.3 0.7 50 324 0.0196
0.3 0.7 70 319 0.0276
0.3 0.7 90 318 0.0352
0.3 0.7 110 320 0.0426
0.3 0.7 130 320 0.0516
0.4 0.6 10 330 0.004
0.4 0.6 30 322 0.0122
0.4 0.6 50 322 0.0196
0.4 0.6 70 320 0.0276
0.4 0.6 90 319 0.0352
0.4 0.6 110 318 0.043
0.4 0.6 130 320 0.0512
0.5 0.5 10 338 0.0032
0.5 0.5 30 325 0.0096
0.5 0.5 50 318 0.0172
0.5 0.5 70 321 0.0238
0.5 0.5 90 320 0.03
0.5 0.5 110 319 0.0364
0.5 0.5 130 318 0.043
0.6 0.4 10 328 0.0038
0.6 0.4 30 327 0.0118
0.6 0.4 50 319 0.0194
0.6 0.4 70 318 0.0278
0.6 0.4 90 318 0.0346
0.6 0.4 110 320 0.0434
0.6 0.4 130 318 0.0504
0.7 0.3 10 328 0.004
0.7 0.3 30 322 0.012
0.7 0.3 50 319 0.0192
0.7 0.3 70 320 0.0272
0.7 0.3 90 320 0.035
0.7 0.3 110 318 0.0428
0.7 0.3 130 318 0.0502
0.8 0.2 10 343 0.004
0.8 0.2 30 330 0.0116
0.8 0.2 50 323 0.0196
0.8 0.2 70 318 0.0272
0.8 0.2 90 319 0.0354
0.8 0.2 110 319 0.0424
0.8 0.2 130 321 0.051
0.9 0.1 10 339 0.004
0.9 0.1 30 332 0.0118
0.9 0.1 50 324 0.0198
0.9 0.1 70 319 0.0276
0.9 0.1 90 318 0.0352
0.9 0.1 110 319 0.044
0.9 0.1 130 319 0.0516
1 0 10 348 0.0032
1 0 30 327 0.0094
1 0 50 327 0.0164
1 0 70 322 0.0228
1 0 90 320 0.029
1 0 110 322 0.0358
1 0 130 325 0.0422
