0 1 10 856 0.0034
0 1 30 806 0.01
0 1 50 790 0.017
0 1 70 790 0.023
0 1 90 790 0.0312
0 1 110 790 0.0358
0 1 130 790 0.0424
0.1 0.9 10 822 0.004
0.1 0.9 30 790 0.0118
0.1 0.9 50 790 0.0198
0.1 0.9 70 790 0.028
0.1 0.9 90 790 0.0352
0.1 0.9 110 790 0.0436
0.1 0.9 130 790 0.0524
0.2 0.8 10 845 0.004
0.2 0.8 30 790 0.0118
0.2 0.8 50 790 0.0206
0.2 0.8 70 790 0.0296
0.2 0.8 90 790 0.0358
0.2 0.8 110 790 0.0434
0.2 0.8 130 790 0.0532
0.3 0.7 10 806 0.004
0.3 0.7 30 790 0.012
0.3 0.7 50 790 0.0206
0.3 0.7 70 790 0.0274
0.3 0.7 90 790 0.0368
0.3 0.7 110 790 0.0436
0.3 0.7 130 790 0.0518
0.4 0.6 10 822 0.0036
0.4 0.6 30 790 0.0118
0.4 0.6 50 790 0.0202
0.4 0.6 70 790 0.0284
0.4 0.6 90 790 0.0366
0.4 0.6 110 790 0.0454
0.4 0.6 130 790 0.0506
0.5 0.5 10 839 0.0032
0.5 0.5 30 790 0.0104
0.5 0.5 50 790 0.0166
0.5 0.5 70 790 0.0232
0.5 0.5 90 790 0.0306
0.5 0.5 110 790 0.0372
0.5 0.5 130 790 0.0446
0.6 0.4 10 871 0.004
0.6 0.4 30 790 0.012
0.6 0.4 50 790 0.0204
0.6 0.4 70 790 0.027
0.6 0.4 90 790 0.0356
0.6 0.4 110 790 0.0442
0.6 0.4 130 790 0.0516
0.7 0.3 10 839 0.004
0.7 0.3 30 822 0.0128
0.7 0.3 50 790 0.0196
0.7 0.3 70 790 0.027
0.7 0.3 90 790 0.0362
0.7 0.3 110 790 0.0436
0.7 0.3 130 790 0.053
0.8 0.2 10 950 0.0042
0.8 0.2 30 806 0.0118
0.8 0.2 50 790 0.02
0.8 0.2 70 790 0.0284
0.8 0.2 90 790 0.0356
0.8 0.2 110 790 0.0438
0.8 0.2 130 790 0.0506
0.9 0.1 10 919 0.004
0.9 0.1 30 834 0.012
0.9 0.1 50 823 0.0198
0.9 0.1 70 790 0.0278
0.9 0.1 90 790 0.036
0.9 0.1 110 790 0.044
0.9 0.1 130 790 0.0516
1 0 10 1088 0.0034
1 0 30 914 0.0098
1 0 50 885 0.0174
1 0 70 806 0.0228
1 0 90 807 0.0294
1 0 110 790 0.0374
1 0 130 790 0.0428
